SIZES
  narena                13631488
  nbuffer               10368
  nplugin               0
  maxuse_stack          2600
  maxuse_arena          30576
  maxuse_con            5
  maxuse_efc            17
  solver_nisland        1
  ne                    0
  nf                    0
  nl                    0
  nefc                  17
  nnzJ                  136
  ncon                  5
  nisland               0
  threadpool            0

SOLVER STAT
  solver_nisland = 1
  solver_fwdinv =   0         0       
  ISLAND 0
    solver_niter = 1
    solver_nnz = 64
      0:  improvement =  0           gradient =  1.1e-15     lineslope =  0       
          nactive = 17   nchange = 0   neval = 2   nupdate = 0

ENERGY =   0         0       

TIME =  11      

QPOS
  -1.7e-05 
   6.7e-14 
   0.03    
   1       
  -1.1e-12 
  -0.00029 
  -5.7e-16 
   4.3e-08 
   4.3e-08 

QVEL
  -3.1e-18 
   2.7e-17 
   4.6e-16 
  -1.1e-15 
   6.3e-17 
   3.5e-17 
  -1.5e-16 
  -7.8e-17 

QACC_WARMSTART
   3.2e-17 
  -3.4e-16 
   2.2e-15 
   6.2e-14 
   1.2e-14 
   2.8e-15 
  -1.8e-14 
   6.1e-15 

CTRL
   0       
   0       

QFRC_APPLIED
   0       
   0       
   0       
   0       
   0       
   0       
   0       
   0       

XFRC_APPLIED
   0         0         0         0         0         0       
   0         0         0         0         0         0       
   0         0         0         0         0         0       
   0         0         0         0         0         0       

QACC
   3.2e-17 
  -3.4e-16 
   2.2e-15 
   6.2e-14 
   1.2e-14 
   2.8e-15 
  -1.8e-14 
   6.1e-15 

SENSOR
   0       
   0       

XPOS
   0         0         0       
  -1.7e-05   6.7e-14   0.03    
  -0.07      0.06      0.03    
  -0.07     -0.06      0.03    

XQUAT
   1         0         0         0       
   1        -1.1e-12  -0.00029  -5.7e-16 
   0.71     -0.71     -0.0002   -0.0002  
   0.71     -0.71     -0.0002   -0.0002  

XMAT
   1         0         0         0         1         0         0         0         1       
   1         1.8e-15  -0.00058  -4.9e-16   1         2.2e-12   0.00058  -2.2e-12   1       
   1         0.00058   1.8e-15  -4.9e-16  -2.2e-12   1         0.00058  -1        -2.2e-12 
   1         0.00058   1.8e-15  -4.9e-16  -2.2e-12   1         0.00058  -1        -2.2e-12 

XIPOS
   0         0         0       
  -0.022     1.2e-10   0.03    
  -0.07      0.06      0.03    
  -0.07     -0.06      0.03    

XIMAT
   1         0         0         0         1         0         0         0         1       
   0.086    -1.8e-15   1         2.2e-12  -1        -1.9e-13   1         2.2e-12  -0.086   
   1         0.00058   1.8e-15  -4.9e-16  -2.2e-12   1         0.00058  -1        -2.2e-12 
   1         0.00058   1.8e-15  -4.9e-16  -2.2e-12   1         0.00058  -1        -2.2e-12 

XANCHOR
  -1.7e-05   6.7e-14   0.03    
  -0.07      0.06      0.03    
  -0.07     -0.06      0.03    

XAXIS
   0         0         1       
   1.8e-15   1        -2.2e-12 
   1.8e-15   1        -2.2e-12 

GEOM_XPOS
   0         0         0       
  -0.026     1.2e-10   0.031   
   0.08      3.4e-14   0.015   
  -0.07      0.06      0.03    
  -0.07     -0.06      0.03    

GEOM_XMAT
   1         0         0         0         1         0         0         0         1       
   0.075    -1.8e-15   1         2.2e-12  -1        -1.7e-13   1         2.2e-12  -0.075   
   1         1.8e-15  -0.00058  -4.9e-16   1         2.2e-12   0.00058  -2.2e-12   1       
   1         0.00058   1.8e-15  -4.9e-16  -2.2e-12   1         0.00058  -1        -2.2e-12 
   1         0.00058   1.8e-15  -4.9e-16  -2.2e-12   1         0.00058  -1        -2.2e-12 

SITE_XPOS
  -0.07      0.06      0.03    
  -0.07      0.06      0.03    
  -0.07     -0.06      0.03    
  -0.07     -0.06      0.03    

SITE_XMAT
   1         0.00058   1.8e-15  -4.9e-16  -2.2e-12   1         0.00058  -1        -2.2e-12 
   1         0.00058   1.8e-15  -4.9e-16  -2.2e-12   1         0.00058  -1        -2.2e-12 
   1         0.00058   1.8e-15  -4.9e-16  -2.2e-12   1         0.00058  -1        -2.2e-12 
   1         0.00058   1.8e-15  -4.9e-16  -2.2e-12   1         0.00058  -1        -2.2e-12 

LIGHT_XPOS
  -1.7e-05   6.8e-14   2       
   0.1       1.1e-13   0.05    

LIGHT_XDIR
   0         0        -1       
   0.89     -1e-12    -0.45    

SUBTREE_COM
  -0.032     9.3e-11   0.03    
  -0.032     9.3e-11   0.03    
  -0.07      0.06      0.03    
  -0.07     -0.06      0.03    

CDOF
   0         0         0         1         0         0       
   0         0         0         0         1         0       
   0         0         0         0         0         1       
   1        -4.9e-16   0.00058  -5.4e-14  -0.00022   9.3e-11 
   1.8e-15   1        -2.2e-12   0.0002    7.2e-14   0.032   
  -0.00058   2.2e-12   1        -9.3e-11  -0.032     1.8e-14 
   1.8e-15   1        -2.2e-12   0.00024  -8.5e-14  -0.038   
   1.8e-15   1        -2.2e-12   0.00024  -8.5e-14  -0.038   

CINERT
   0         0         0         0         0         0         0         0         0         0       
   0.00031   0.0011    0.0014   -1e-13     8.7e-05  -1.7e-16   0.0043    1.1e-11   2.7e-05   0.43    
   0.00022   0.00011   0.0003    0.00013  -5.1e-07   8.2e-07  -0.0021    0.0034   -1.4e-05   0.057   
   0.00022   0.00011   0.0003   -0.00013  -5.1e-07  -8.2e-07  -0.0021   -0.0034   -1.4e-05   0.057   

TEN_LENGTH
   4.3e-08 
  -1.3e-15 

TEN_MOMENT
   0         0         0         0         0         0         0.5       0.5     
   0         0         0         0         0         0        -0.5       0.5     

TENDON 0: 0 wrap points

TENDON 1: 0 wrap points

ACTUATOR_LENGTH
   4.3e-08 
  -1.3e-15 

ACTUATOR_MOMENT
   0         0         0         0         0         0         0.5       0.5     
   0         0         0         0         0         0        -0.5       0.5     

CRB
   0         0         0         0         0         0         0         0         0         0       
   0.00075   0.0014    0.002    -5e-13     8.6e-05  -1.8e-15  -4.3e-19   4.3e-19  -9.3e-19   0.54    
   0.00022   0.00011   0.0003    0.00013  -5.1e-07   8.2e-07  -0.0021    0.0034   -1.4e-05   0.057   
   0.00022   0.00011   0.0003   -0.00013  -5.1e-07  -8.2e-07  -0.0021   -0.0034   -1.4e-05   0.057   

QM
   0.54      0         0        -2.9e-14   0.00011  -5.1e-11   0        -1.7e-21 
   0         0.54      0        -0.00012   3.9e-14  -0.017     0         0       
   0         0         0.54      5.1e-11   0.017     9.9e-15   0         4.3e-19 
  -2.9e-14  -0.00012   5.1e-11   0.00075   1.1e-12   9e-05    -1.9e-20  -1.9e-20 
   0.00011   3.9e-14   0.017     1.1e-12   0.0019   -1.4e-14   2.5e-05   2.5e-05 
  -5.1e-11  -0.017     9.9e-15   9e-05    -1.4e-14   0.0025   -2e-20    -2e-20   
   0         0         0        -1.9e-20   2.5e-05  -2e-20     2.5e-05   0       
  -1.7e-21   0         4.3e-19  -1.9e-20   2.5e-05  -2e-20     0         2.5e-05 

QLD
   0.54     -8.3e-10  -0.0027    2.3e-09   0.058    -2e-08     0        -6.7e-17 
  -8.3e-10   0.42     -7.1e-11   0.68     -3.1e-11  -6.9       0         0       
  -0.0027   -7.1e-11   0.38      5.4e-08   9.4       3.9e-12   0         1.7e-14 
   2.3e-09   0.68      5.4e-08   0.00074   6e-10     0.036    -7.3e-16  -7.3e-16 
   0.058    -3.1e-11   9.4       6e-10     0.0019   -5.5e-12   1         1       
  -2e-08    -6.9       3.9e-12   0.036    -5.5e-12   0.0025   -7.9e-16  -7.8e-16 
   0         0         0        -7.3e-16   1        -7.9e-16   2.5e-05   0       
  -6.7e-17   0         1.7e-14  -7.3e-16   1        -7.8e-16   0         2.5e-05 

QLDIAGINV
   1.8     
   2.4     
   2.6     
   1.3e+03 
   5.4e+02 
   4e+02   
   3.9e+04 
   3.9e+04 

QLDIAGSQRTINV
   1.4     
   1.5     
   1.6     
   37      
   23      
   20      
   2e+02   
   2e+02   

D_rownnz              8 8 8 8 8 8 7 7

D_rowadr              0 8 16 24 32 40 48 55

D_colind              0 1 2 3 4 5 6 7 0 1 2 3 4 5 6 7 0 1 2 3 4 5 6 7 0 1 2 3 4 5 6 7 0 1 2 3 4 5 6 7 0 1 2 3 4 5 6 7 0 1 2 3 4 5 6 0 1 2 3 4 5 7

B_rownnz              8 8 7 7

B_rowadr              0 8 16 23

B_colind              0 1 2 3 4 5 6 7 0 1 2 3 4 5 6 7 0 1 2 3 4 5 6 0 1 2 3 4 5 7

QDERIV
   0         0         0         0         0         0         0         0       
   0         0         0         0         0         0         0         0       
   0         0         0         0         0         0         0         0       
   0         0         0         0         0         0         0         0       
   0         0         0         0         0         0         0         0       
   0         0         0         0         0         0         0         0       
   0         0         0         0         0         0         0         0       
   0         0         0         0         0         0         0         0       

QLU
   0         0         0         0         0         0         0         0       
   0         0         0         0         0         0         0         0       
   0         0         0         0         0         0         0         0       
   0         0         0         0         0         0         0         0       
   0         0         0         0         0         0         0         0       
   0         0         0         0         0         0         0         0       
   0         0         0         0         0         0         0         0       
   0         0         0         0         0         0         0         0       

CONTACT
  0:
     dim           1
     geoms         0 : front wheel
     exclude       0
     efc_address   0
     solref         0.02      1       
     solimp         0.9       0.95      0.001     0.5       2       
     dist          -0.00011 
     includemargin  0       
     pos            0.08      3.4e-14  -5.6e-05 
     frame          0         0         1         0         1         0        -1         0         0       
     friction       1         1         0.005     0.0001    0.0001  
     mu             0       
  1:
     dim           3
     geoms         0 : 3
     exclude       0
     efc_address   1
     solref         0.02      1       
     solimp         0.9       0.95      0.001     0.5       2       
     dist          -0.0002  
     includemargin  0       
     pos           -0.07      0.07     -9.9e-05 
     frame          0         0         1         0         1         0        -1         0         0       
     friction       1         1         0.005     0.0001    0.0001  
     mu             1       
  2:
     dim           3
     geoms         0 : 3
     exclude       0
     efc_address   5
     solref         0.02      1       
     solimp         0.9       0.95      0.001     0.5       2       
     dist          -0.0002  
     includemargin  0       
     pos           -0.07      0.05     -9.9e-05 
     frame          0         0         1         0         1         0        -1         0         0       
     friction       1         1         0.005     0.0001    0.0001  
     mu             1       
  3:
     dim           3
     geoms         0 : 4
     exclude       0
     efc_address   9
     solref         0.02      1       
     solimp         0.9       0.95      0.001     0.5       2       
     dist          -0.0002  
     includemargin  0       
     pos           -0.07     -0.05     -9.9e-05 
     frame          0         0         1         0         1         0        -1         0         0       
     friction       1         1         0.005     0.0001    0.0001  
     mu             1       
  4:
     dim           3
     geoms         0 : 4
     exclude       0
     efc_address   13
     solref         0.02      1       
     solimp         0.9       0.95      0.001     0.5       2       
     dist          -0.0002  
     includemargin  0       
     pos           -0.07     -0.07     -9.9e-05 
     frame          0         0         1         0         1         0        -1         0         0       
     friction       1         1         0.005     0.0001    0.0001  
     mu             1       

EFC_TYPE
  5
  6
  6
  6
  6
  6
  6
  6
  6
  6
  6
  6
  6
  6
  6
  6
  6

EFC_ID
  0
  1
  1
  1
  1
  2
  2
  2
  2
  3
  3
  3
  3
  4
  4
  4
  4

EFC_J
   0         0         1        -3.4e-14  -0.08     -1.8e-13   0         0       
   0         1         1         0.1       0.07     -0.07      5.4e-17   0       
   0        -1         1         0.04      0.07      0.07     -5.4e-17   0       
  -1         0         1         0.07      0.1       0.07      0.03      0       
   1         0         1         0.07      0.04     -0.07     -0.03      0       
   0         1         1         0.08      0.07     -0.07      4.7e-17   0       
   0        -1         1         0.02      0.07      0.07     -6.1e-17   0       
  -1         0         1         0.05      0.1       0.05      0.03      0       
   1         0         1         0.05      0.04     -0.05     -0.03      0       
   0         1         1        -0.02      0.07     -0.07      0         6.1e-17 
   0        -1         1        -0.08      0.07      0.07      0        -4.7e-17 
  -1         0         1        -0.05      0.1      -0.05      0         0.03    
   1         0         1        -0.05      0.04      0.05      0        -0.03    
   0         1         1        -0.04      0.07     -0.07      0         5.4e-17 
   0        -1         1        -0.1       0.07      0.07      0        -5.4e-17 
  -1         0         1        -0.07      0.1      -0.07      0         0.03    
   1         0         1        -0.07      0.04      0.07      0        -0.03    

EFC_POS
  -0.00011 
  -0.0002  
  -0.0002  
  -0.0002  
  -0.0002  
  -0.0002  
  -0.0002  
  -0.0002  
  -0.0002  
  -0.0002  
  -0.0002  
  -0.0002  
  -0.0002  
  -0.0002  
  -0.0002  
  -0.0002  
  -0.0002  

EFC_MARGIN
   0       
   0       
   0       
   0       
   0       
   0       
   0       
   0       
   0       
   0       
   0       
   0       
   0       
   0       
   0       
   0       
   0       

EFC_FRICTIONLOSS
   0       
   0       
   0       
   0       
   0       
   0       
   0       
   0       
   0       
   0       
   0       
   0       
   0       
   0       
   0       
   0       
   0       

EFC_DIAGAPPROX
   1.9     
   19      
   19      
   19      
   19      
   19      
   19      
   19      
   19      
   19      
   19      
   19      
   19      
   19      
   19      
   19      
   19      

EFC_KBIP
   2.8e+03   1.1e+02   0.9      -22      
   2.8e+03   1.1e+02   0.9      -40      
   2.8e+03   1.1e+02   0.9      -40      
   2.8e+03   1.1e+02   0.9      -40      
   2.8e+03   1.1e+02   0.9      -40      
   2.8e+03   1.1e+02   0.9      -40      
   2.8e+03   1.1e+02   0.9      -40      
   2.8e+03   1.1e+02   0.9      -40      
   2.8e+03   1.1e+02   0.9      -40      
   2.8e+03   1.1e+02   0.9      -40      
   2.8e+03   1.1e+02   0.9      -40      
   2.8e+03   1.1e+02   0.9      -40      
   2.8e+03   1.1e+02   0.9      -40      
   2.8e+03   1.1e+02   0.9      -40      
   2.8e+03   1.1e+02   0.9      -40      
   2.8e+03   1.1e+02   0.9      -40      
   2.8e+03   1.1e+02   0.9      -40      

EFC_D
   4.8     
   0.5     
   0.5     
   0.5     
   0.5     
   0.5     
   0.5     
   0.5     
   0.5     
   0.5     
   0.5     
   0.5     
   0.5     
   0.5     
   0.5     
   0.5     
   0.5     

EFC_R
   0.21    
   2       
   2       
   2       
   2       
   2       
   2       
   2       
   2       
   2       
   2       
   2       
   2       
   2       
   2       
   2       
   2       

TEN_VELOCITY
  -9.4e-17 
   2.6e-17 

ACTUATOR_VELOCITY
  -9.4e-17 
   2.6e-17 

CVEL
   0         0         0         0         0         0       
  -1.2e-15  -6.1e-17   3.1e-17  -3.2e-18   2.7e-17   4.6e-16 
  -1.2e-15  -1.8e-16   3.1e-17  -3.2e-18   2.7e-17   4.7e-16 
  -1.2e-15  -1.3e-16   3.1e-17  -3.2e-18   2.7e-17   4.6e-16 

CDOF_DOT
   0         0         0         0         0         0       
   0         0         0         0         0         0       
   0         0         0         0         0         0       
   0         0        -0         1.6e-20   4.6e-16  -2.8e-17 
  -0         0         0        -4.6e-16  -6.3e-30  -3.2e-18 
   0        -0         0         2.8e-17   2.9e-18   1.6e-20 
  -3.1e-17  -2.8e-27  -1.2e-15  -4.6e-16  -4.7e-17  -3.2e-18 
  -3.1e-17  -2.8e-27  -1.2e-15  -4.6e-16  -4.7e-17  -3.2e-18 

QFRC_BIAS
   7.9e-35 
  -1.3e-33 
   5.3     
   5e-10   
   0.17    
   9.7e-14 
   0       
   3.5e-18 

QFRC_SPRING
   0       
   0       
   0       
   0       
   0       
   0       
   0       
   0       

QFRC_DAMPER
   0       
   0       
   0       
   0       
   0       
   0       
   3.6e-18 
   2.1e-18 

QFRC_GRAVCOMP
   0       
   0       
   0       
   0       
   0       
   0       
   0       
   0       

QFRC_FLUID
   0       
   0       
   0       
   0       
   0       
   0       
   0       
   0       

QFRC_PASSIVE
   0       
   0       
   0       
   0       
   0       
   0       
   3.6e-18 
   2.1e-18 

EFC_VEL
   4.7e-16 
   3.6e-16 
   3.8e-16 
   3.7e-16 
   3.7e-16 
   3.8e-16 
   4.1e-16 
   4e-16   
   4e-16   
   5.1e-16 
   5.3e-16 
   5.2e-16 
   5.2e-16 
   5.3e-16 
   5.6e-16 
   5.4e-16 
   5.5e-16 

EFC_AREF
   0.28    
   0.5     
   0.5     
   0.5     
   0.5     
   0.5     
   0.5     
   0.5     
   0.5     
   0.5     
   0.5     
   0.5     
   0.5     
   0.5     
   0.5     
   0.5     
   0.5     

SUBTREE_LINVEL
   0         0         0       
   0         0         0       
   0         0         0       
   0         0         0       

SUBTREE_ANGMOM
   0         0         0       
   0         0         0       
   0         0         0       
   0         0         0       

ACTUATOR_FORCE
   0       
   0       

QFRC_ACTUATOR
   0       
   0       
   0       
   0       
   0       
   0       
   0       
   0       

QFRC_SMOOTH
  -7.9e-35 
   1.3e-33 
  -5.3     
  -5e-10   
  -0.17    
  -9.7e-14 
   3.6e-18 
  -1.4e-18 

QACC_SMOOTH
  -3.2e-18 
   4.4e-18 
  -9.8     
  -3.6e-15 
   1.4e-14 
   1.6e-16 
   1.3e-13 
   9.7e-14 

EFC_B
  -10      
  -10      
  -10      
  -10      
  -10      
  -10      
  -10      
  -10      
  -10      
  -10      
  -10      
  -10      
  -10      
  -10      
  -10      
  -10      
  -10      

EFC_FORCE
   1.3     
   0.25    
   0.25    
   0.25    
   0.25    
   0.25    
   0.25    
   0.25    
   0.25    
   0.25    
   0.25    
   0.25    
   0.25    
   0.25    
   0.25    
   0.25    
   0.25    

EFC_STATE
  1
  1
  1
  1
  1
  1
  1
  1
  1
  1
  1
  1
  1
  1
  1
  1
  1

QFRC_CONSTRAINT
   2.8e-17 
  -1.9e-16 
   5.3     
   5e-10   
   0.17    
   9.7e-14 
  -3.5e-18 
   2.6e-18 

QFRC_INVERSE
   0       
   0       
   0       
   0       
   0       
   0       
   0       
   0       

CACC
   0         0         0         0         0         0       
   0         0         0         0         0         0       
   0         0         0         0         0         0       
   0         0         0         0         0         0       

CFRC_INT
   0         0         0         0         0         0       
   0         0         0         0         0         0       
   0         0         0         0         0         0       
   0         0         0         0         0         0       

CFRC_EXT
   0         0         0         0         0         0       
   0         0         0         0         0         0       
   0         0         0         0         0         0       
   0         0         0         0         0         0       

TENDON_EFCADR         -1 -1

